30
20
111111111111111111111111111111
100100000000000022200000000001
100100000022222222200000000001
100111111111111111100002211111
100000000000000000100022010001
100000000000000000100022010001
100022000000000000100022010001
100020111111111111111100010001
100020100022222222222000010001
100220100022222222222000010001
102221100011111111111000010001
100000000000000100001002210001
100000000000000100001002210001
101111100001000100001002210001
100000102001000100001000200001
111110102001000100001001111111
100000102001111100000000000001
101111102222000000000000000001
122222100000000000000000000001
111111111111111111111111111111
4
0 1 1
1 19 4
2 27 16
3 16 11